timestamp,open,high,low,close,volume
2014-04-30,558.71,604.83,502.8,526.66,67171200
2014-05-30,527.11,567.84,503.3,559.89,36527700
2014-06-30,560.7,582.45,538.75,575.28,37898400
2014-07-31,578.32,599.65,565.01,571.6,34516100
2014-08-29,570.4,587.34,560.0,571.6,27586000
2014-09-30,571.85,596.48,568.21,577.36,33421676
2014-10-31,576.01,581.0,508.1,559.08,52083039
2014-11-28,555.5,557.9,530.08,541.83,28445740
2014-12-31,538.9,541.41,489.0,526.4,45796626
2015-01-30,529.01,542.17,487.56,534.52,50087655
2015-02-27,531.73,564.71,518.55,558.4,32508126
2015-03-31,560.53,577.91,544.22,548.0,38542782
2015-04-30,548.6,571.14,521.01,537.34,42283442
2015-05-29,538.43,544.19,521.085,532.11,31866779
2015-06-30,536.79,543.74,520.5,520.51,34342523
2015-07-31,524.73,678.64,515.18,625.61,63319457
2015-08-31,625.34,674.9,565.05,618.25,53395840
2015-09-30,602.36,650.9,589.38,608.42,47857854
2015-10-30,608.37,730.0,599.85,710.81,49513250
2015-11-30,711.06,762.7075,705.85,742.6,33934938
2015-12-31,747.11,779.98,724.17,758.88,43110708
2016-01-29,743.0,752.0,673.26,742.95,46561234
2016-02-29,750.46,789.8699,663.06,697.77,64367114
2016-03-31,703.62,757.88,685.34,744.95,41727507
2016-04-29,738.6,769.9,689.0,693.01,42154738
2016-05-31,697.63,739.73,689.01,735.72,35000414
2016-06-30,734.53,737.21,663.284,692.1,39375913
2016-07-29,692.2,778.55,688.215,768.79,29914808
2016-08-31,761.09,789.75,761.09,767.05,26385341
2016-09-30,769.25,789.85,754.0001,777.29,27600794
2016-10-31,774.25,816.68,769.5,784.54,33956196
2016-11-30,782.89,795.633,727.54,758.04,42688236
2016-12-30,757.44,804.3799,737.0245,771.82,32097980
2017-01-31,778.81,841.95,775.8,796.79,33332821
2017-02-28,799.68,833.45,791.19,823.21,25689522
2017-03-31,828.85,853.5,803.37,829.56,33840342
2017-04-28,829.22,916.85,817.02,905.96,24742467
2017-05-31,901.94,979.27,901.45,964.86,31802202
2017-06-30,968.95,988.25,908.31,908.73,42736021
2017-07-31,912.18,986.2,894.79,930.5,35416014
2017-08-31,932.38,941.98,903.4,939.33,27325965
2017-09-29,941.13,959.786,909.7,959.11,27177858
2017-10-31,959.98,1048.39,947.84,1016.64,30768015
2017-11-30,1017.21,1062.38,1013.01,1021.41,23866071
2017-12-29,1015.8,1078.49,988.28,1046.4,27458240
2018-01-31,1048.34,1186.89,1045.23,1169.94,27111134
2018-02-28,1162.61,1174.0,992.56,1104.73,40388224
2018-03-29,1107.87,1177.05,980.64,1031.79,43301942
2018-04-30,1022.82,1094.16,990.37,1017.33,41773275
2018-05-31,1013.66,1110.75,1006.29,1084.99,31849196
2018-06-29,1099.35,1186.29,1096.01,1115.65,32103642
2018-07-31,1099.0,1273.89,1093.8,1217.26,31953386
2018-08-31,1228.0,1256.5,1188.24,1218.19,28820379
2018-09-28,1204.27,1212.99,1146.91,1193.47,28863199
2018-10-31,1199.89,1209.96,995.83,1076.77,48496167
2018-11-30,1075.8,1095.57,996.02,1094.43,36735570
2018-12-31,1123.14,1124.65,970.11,1035.61,40256461
2019-01-31,1016.57,1117.33,1014.07,1116.37,30714651
2019-02-28,1112.4,1147.0,1086.0,1119.92,28934646
2019-03-29,1124.9,1231.79,1123.3,1173.31,31658936
2019-04-30,1184.1,1289.27,1175.0,1188.48,27860634
2019-05-31,1188.05,1190.85,1100.18,1103.63,33323762
2019-06-28,1065.5,1124.11,1025.0,1080.91,34098832
2019-07-31,1098.0,1265.55,1093.7,1216.68,32952483
2019-08-30,1214.03,1234.11,1140.14,1188.1,28921401
2019-09-30,1177.03,1248.3,1163.2,1219.0,27186490
2019-10-31,1219.0,1299.31,1162.43,1260.11,29219555
2019-11-29,1265.0,1335.53,1260.5,1304.96,24956906
2019-12-31,1301.0,1365.0,1279.0,1337.02,27627707
2020-01-31,1341.55,1503.21,1341.55,1434.23,33406912
2020-02-28,1462.0,1532.11,1271.0,1339.33,37103140
2020-03-31,1351.61,1410.15,1013.54,1162.81,71398419
2020-04-30,1122.0,1359.99,1079.81,1348.66,46336723
2020-05-29,1328.5,1441.0,1299.0,1428.92,31883800
2020-06-30,1418.39,1475.94,1347.01,1413.61,38833363
2020-07-31,1411.1,1586.99,1409.82,1482.96,35345880
2020-08-31,1486.64,1659.22,1458.65,1634.18,37293396
2020-09-30,1636.63,1733.1799,1406.55,1469.6,40570621
2020-10-30,1484.27,1687.0,1436.0,1621.01,39260343
2020-11-30,1628.16,1818.06,1616.03,1760.74,34952246
2020-12-31,1774.37,1847.2,1699.0,1751.88,31422606
2021-01-29,1757.54,1934.86,1699.0,1835.74,33082794
2021-02-26,1853.57,2152.68,1850.93,2036.86,29111908
2021-03-31,2056.52,2128.81,2010.0,2068.63,34796574
2021-04-30,2097.95,2452.378,2096.89,2410.12,30727072
2021-05-28,2402.72,2442.944,2230.05,2411.56,25456404
2021-06-30,2422.0,2555.92,2382.83,2506.32,27425377
2021-07-30,2496.995,2800.22,2496.995,2704.42,22824857
2021-08-31,2709.69,2929.7899,2683.67,2909.24,18615809
2021-09-30,2913.0,2936.4099,2660.0,2665.31,25265626
2021-10-29,2671.09,2982.36,2623.33,2965.41,24830507
2021-11-30,2963.3,3037.0,2841.32,2849.04,22120136
2021-12-31,2884.25,2992.1,2805.0,2893.59,23950206
2022-01-31,2889.51,2932.2,2492.839,2713.97,30699124
2022-02-28,2756.7,3042.0,2495.29,2697.82,36609705
2022-03-31,2689.6,2883.25,2517.215,2792.99,31811236
2022-04-29,2800.2,2880.875,2262.485,2299.33,28022017
2022-05-31,2278.13,2462.86,2044.16,2280.78,35869499
2022-06-17,2298.63,2387.9696,2112.5706,2157.31,19128584
