timestamp,open,high,low,close,volume,12MSRA
2014-04-30,558.71,604.83,502.8,526.66,67171200,
2014-05-30,527.11,567.84,503.3,559.89,36527700,
2014-06-30,560.7,582.45,538.75,575.28,37898400,
2014-07-31,578.32,599.65,565.01,571.6,34516100,
2014-08-29,570.4,587.34,560.0,571.6,27586000,
2014-09-30,571.85,596.48,568.21,577.36,33421676,
2014-10-31,576.01,581.0,508.1,559.08,52083039,
2014-11-28,555.5,557.9,530.08,541.83,28445740,
2014-12-31,538.9,541.41,489.0,526.4,45796626,
2015-01-30,529.01,542.17,487.56,534.52,50087655,
2015-02-27,531.73,564.71,518.55,558.4,32508126,
2015-03-31,560.53,577.91,544.22,548.0,38542782,554.2183333333334
2015-04-30,548.6,571.14,521.01,537.34,42283442,555.1083333333333
2015-05-29,538.43,544.19,521.085,532.11,31866779,552.7933333333333
2015-06-30,536.79,543.74,520.5,520.51,34342523,548.2291666666666
2015-07-31,524.73,678.64,515.18,625.61,63319457,552.73
2015-08-31,625.34,674.9,565.05,618.25,53395840,556.6175
2015-09-30,602.36,650.9,589.38,608.42,47857854,559.2058333333333
2015-10-30,608.37,730.0,599.85,710.81,49513250,571.85
2015-11-30,711.06,762.7075,705.85,742.6,33934938,588.5808333333333
2015-12-31,747.11,779.98,724.17,758.88,43110708,607.9541666666667
2016-01-29,743.0,752.0,673.26,742.95,46561234,625.3233333333334
2016-02-29,750.46,789.8699,663.06,697.77,64367114,636.9375
2016-03-31,703.62,757.88,685.34,744.95,41727507,653.35
2016-04-29,738.6,769.9,689.0,693.01,42154738,666.3225
2016-05-31,697.63,739.73,689.01,735.72,35000414,683.29
2016-06-30,734.53,737.21,663.284,692.1,39375913,697.5891666666666
2016-07-29,692.2,778.55,688.215,768.79,29914808,709.5208333333334
2016-08-31,761.09,789.75,761.09,767.05,26385341,721.9208333333332
2016-09-30,769.25,789.85,754.0001,777.29,27600794,735.9933333333333
2016-10-31,774.25,816.68,769.5,784.54,33956196,742.1374999999999
2016-11-30,782.89,795.633,727.54,758.04,42688236,743.4241666666667
2016-12-30,757.44,804.3799,737.0245,771.82,32097980,744.5025
2017-01-31,778.81,841.95,775.8,796.79,33332821,748.9891666666666
2017-02-28,799.68,833.45,791.19,823.21,25689522,759.4425
2017-03-31,828.85,853.5,803.37,829.56,33840342,766.4933333333333
2017-04-28,829.22,916.85,817.02,905.96,24742467,784.2391666666667
2017-05-31,901.94,979.27,901.45,964.86,31802202,803.3341666666666
2017-06-30,968.95,988.25,908.31,908.73,42736021,821.3866666666667
2017-07-31,912.18,986.2,894.79,930.5,35416014,834.8624999999998
2017-08-31,932.38,941.98,903.4,939.33,27325965,849.2191666666668
2017-09-29,941.13,959.786,909.7,959.11,27177858,864.3708333333333
2017-10-31,959.98,1048.39,947.84,1016.64,30768015,883.7125000000001
2017-11-30,1017.21,1062.38,1013.01,1021.41,23866071,905.66
2017-12-29,1015.8,1078.49,988.28,1046.4,27458240,928.5416666666666
2018-01-31,1048.34,1186.89,1045.23,1169.94,27111134,959.6375000000002
2018-02-28,1162.61,1174.0,992.56,1104.73,40388224,983.0975
2018-03-29,1107.87,1177.05,980.64,1031.79,43301942,999.9499999999999
2018-04-30,1022.82,1094.16,990.37,1017.33,41773275,1009.2308333333332
2018-05-31,1013.66,1110.75,1006.29,1084.99,31849196,1019.2416666666668
2018-06-29,1099.35,1186.29,1096.01,1115.65,32103642,1036.4850000000001
2018-07-31,1099.0,1273.89,1093.8,1217.26,31953386,1060.3816666666667
2018-08-31,1228.0,1256.5,1188.24,1218.19,28820379,1083.62
2018-09-28,1204.27,1212.99,1146.91,1193.47,28863199,1103.15
2018-10-31,1199.89,1209.96,995.83,1076.77,48496167,1108.1608333333334
2018-11-30,1075.8,1095.57,996.02,1094.43,36735570,1114.2458333333332
2018-12-31,1123.14,1124.65,970.11,1035.61,40256461,1113.3466666666666
2019-01-31,1016.57,1117.33,1014.07,1116.37,30714651,1108.8825
2019-02-28,1112.4,1147.0,1086.0,1119.92,28934646,1110.1483333333333
2019-03-29,1124.9,1231.79,1123.3,1173.31,31658936,1121.9416666666668
2019-04-30,1184.1,1289.27,1175.0,1188.48,27860634,1136.2041666666667
2019-05-31,1188.05,1190.85,1100.18,1103.63,33323762,1137.7575
2019-06-28,1065.5,1124.11,1025.0,1080.91,34098832,1134.8625
2019-07-31,1098.0,1265.55,1093.7,1216.68,32952483,1134.8141666666668
2019-08-30,1214.03,1234.11,1140.14,1188.1,28921401,1132.3066666666666
2019-09-30,1177.03,1248.3,1163.2,1219.0,27186490,1134.4341666666667
2019-10-31,1219.0,1299.31,1162.43,1260.11,29219555,1149.7124999999999
2019-11-29,1265.0,1335.53,1260.5,1304.96,24956906,1167.2566666666667
2019-12-31,1301.0,1365.0,1279.0,1337.02,27627707,1192.3741666666667
2020-01-31,1341.55,1503.21,1341.55,1434.23,33406912,1218.8625
2020-02-28,1462.0,1532.11,1271.0,1339.33,37103140,1237.1466666666668
2020-03-31,1351.61,1410.15,1013.54,1162.81,71398419,1236.2716666666668
2020-04-30,1122.0,1359.99,1079.81,1348.66,46336723,1249.6200000000001
2020-05-29,1328.5,1441.0,1299.0,1428.92,31883800,1276.7275000000002
2020-06-30,1418.39,1475.94,1347.01,1413.61,38833363,1304.4524999999999
2020-07-31,1411.1,1586.99,1409.82,1482.96,35345880,1326.6425000000002
2020-08-31,1486.64,1659.22,1458.65,1634.18,37293396,1363.8158333333333
2020-09-30,1636.63,1733.1799,1406.55,1469.6,40570621,1384.6991666666665
2020-10-30,1484.27,1687.0,1436.0,1621.01,39260343,1414.7741666666668
2020-11-30,1628.16,1818.06,1616.03,1760.74,34952246,1452.7558333333334
